na la ja nb lb jb        hab
 1  0  1  1  0  1  -0.84753606E+04
 1  0  1  2  0  1  -0.44869229E+02
 1  0  1  3  0  1  -0.17659926E+02
 1  0  1  4  0  1  -0.89738307E+01
 1  0  1  5  0  1  -0.48047045E+01
 1  0  1  6  0  1  -0.24334279E+01
 1  0  1  7  0  1  -0.96755858E+00
 1  0  1  8  0  1  -0.20562379E+00
 2  0  1  2  0  1  -0.22532587E+04
 2  0  1  3  0  1  -0.56116720E+02
 2  0  1  4  0  1  -0.24645781E+02
 2  0  1  5  0  1  -0.12694108E+02
 2  0  1  6  0  1  -0.63582237E+01
 2  0  1  7  0  1  -0.25219455E+01
 2  0  1  8  0  1  -0.54121272E+00
 2  1  1  2  1  1  -0.22683025E+04
 2  1  1  3  1  1  -0.63146136E+02
 2  1  1  4  1  1  -0.27540455E+02
 2  1  1  5  1  1  -0.13955149E+02
 2  1  1  6  1  1  -0.67227226E+01
 2  1  1  7  1  1  -0.22807837E+01
 2  1  1  8  1  1  -0.40236258E+00
 2  1  3  2  1  3  -0.17265607E+04
 2  1  3  3  1  3  -0.56246928E+02
 2  1  3  4  1  3  -0.24403807E+02
 2  1  3  5  1  3  -0.12210624E+02
 2  1  3  6  1  3  -0.54232285E+01
 2  1  3  7  1  3  -0.13459637E+01
 2  1  3  8  1  3   0.78311160E-02
 3  0  1  3  0  1  -0.92526316E+03
 3  0  1  4  0  1  -0.54355590E+02
 3  0  1  5  0  1  -0.24025525E+02
 3  0  1  6  0  1  -0.11578521E+02
 3  0  1  7  0  1  -0.45553980E+01
 3  0  1  8  0  1  -0.99472435E+00
 3  1  1  3  1  1  -0.92703223E+03
 3  1  1  4  1  1  -0.58820075E+02
 3  1  1  5  1  1  -0.25793219E+02
 3  1  1  6  1  1  -0.11999167E+02
 3  1  1  7  1  1  -0.40457471E+01
 3  1  1  8  1  1  -0.72992641E+00
 3  1  3  3  1  3  -0.76400240E+03
 3  1  3  4  1  3  -0.55237044E+02
 3  1  3  5  1  3  -0.23964086E+02
 3  1  3  6  1  3  -0.10286297E+02
 3  1  3  7  1  3  -0.25400944E+01
 3  1  3  8  1  3   0.28236084E-01
 3  2  3  3  2  3  -0.76127679E+03
 3  2  3  4  2  3  -0.54430028E+02
 3  2  3  5  2  3  -0.22243405E+02
 3  2  3  6  2  3  -0.80065147E+01
 3  2  5  3  2  5  -0.72883267E+03
 3  2  5  4  2  5  -0.52679875E+02
 3  2  5  5  2  5  -0.21379409E+02
 3  2  5  6  2  5  -0.74592800E+01
 4  0  1  4  0  1  -0.47405739E+03
 4  0  1  5  0  1  -0.46680341E+02
 4  0  1  6  0  1  -0.19854736E+02
 4  0  1  7  0  1  -0.76287902E+01
 4  0  1  8  0  1  -0.17092674E+01
 4  1  1  4  1  1  -0.47141890E+03
 4  1  1  5  1  1  -0.48562880E+02
 4  1  1  6  1  1  -0.20096093E+02
 4  1  1  7  1  1  -0.66468544E+01
 4  1  1  8  1  1  -0.12461581E+01
 4  1  3  4  1  3  -0.40232003E+03
 4  1  3  5  1  3  -0.44957803E+02
 4  1  3  6  1  3  -0.17291155E+02
 4  1  3  7  1  3  -0.42069544E+01
 4  1  3  8  1  3   0.86344958E-01
 4  2  3  4  2  3  -0.39487737E+03
 4  2  3  5  2  3  -0.45389720E+02
 4  2  3  6  2  3  -0.14907319E+02
 4  2  5  4  2  5  -0.38064845E+03
 4  2  5  5  2  5  -0.44061816E+02
 4  2  5  6  2  5  -0.14054202E+02
 5  0  1  5  0  1  -0.26348835E+03
 5  0  1  6  0  1  -0.34079488E+02
 5  0  1  7  0  1  -0.12000503E+02
 5  0  1  8  0  1  -0.27899087E+01
 4  3  5  4  3  5  -0.37157774E+03
 4  3  5  5  3  5  -0.39283664E+02
 4  3  7  4  3  7  -0.36562257E+03
 4  3  7  5  3  7  -0.38524124E+02
 5  1  1  5  1  1  -0.25834814E+03
 5  1  1  6  1  1  -0.33824455E+02
 5  1  1  7  1  1  -0.10376119E+02
 5  1  1  8  1  1  -0.20744207E+01
 5  1  3  5  1  3  -0.22202005E+03
 5  1  3  6  1  3  -0.28973783E+02
 5  1  3  7  1  3  -0.66376013E+01
 5  1  3  8  1  3   0.26161100E+00
 5  2  3  5  2  3  -0.20966911E+03
 5  2  3  6  2  3  -0.25322185E+02
 5  2  5  5  2  5  -0.20194261E+03
 5  2  5  6  2  5  -0.24011109E+02
 5  3  5  5  3  5  -0.17855070E+03
 5  3  7  5  3  7  -0.17519202E+03
 6  0  1  6  0  1  -0.14280407E+03
 6  0  1  7  0  1  -0.19145641E+02
 6  0  1  8  0  1  -0.46075413E+01
 6  1  1  6  1  1  -0.13562024E+03
 6  1  1  7  1  1  -0.16614949E+02
 6  1  1  8  1  1  -0.36614325E+01
 6  1  3  6  1  3  -0.11152702E+03
 6  1  3  7  1  3  -0.10757255E+02
 6  1  3  8  1  3   0.90238874E+00
 6  2  3  6  2  3  -0.91638444E+02
 6  2  5  6  2  5  -0.86700272E+02
 7  0  1  7  0  1  -0.22104112E+01
 7  0  1  8  0  1  -0.10783874E+00
 7  1  1  7  1  1  -0.17363377E+01
 7  1  1  8  1  1  -0.11240393E+00
 7  1  3  7  1  3  -0.12547473E+01
 7  1  3  8  1  3   0.92332897E-01
 8  0  1  8  0  1  -0.87426840E+00
 8  1  1  8  1  1  -0.73032599E+00
 8  1  3  8  1  3  -0.47937753E+00
